POTTER -0.24999999999999997 0.0 -0.49999999999999994 0.7071067811865475 0.12499999999999996 0.0 0.17677669529663684 0.0883883476483184 0.0883883476483184 0.35355339059327373
HARRY -0.3535533905932737 0.0883883476483184 -0.12499999999999996 0.7071067811865475 0.0 0.49999999999999994 0.17677669529663684 0.0 0.24999999999999992 -0.0883883476483184
THE 0.7071067811865475 0.0 -0.12499999999999996 0.49999999999999994 -0.3535533905932737 0.0 0.0883883476483184 -0.24999999999999992 -0.17677669529663684 0.0883883476483184
CHAMBER 0.35355339059327373 0.0 0.08838834764831842 -0.12499999999999999 0.17677669529663687 0.24999999999999997 0.5 0.08838834764831842 -0.7071067811865475 0.0
OF -0.17677669529663684 0.24999999999999997 0.0 0.12499999999999996 0.0 0.35355339059327373 0.0883883476483184 0.7071067811865475 -0.0883883476483184 0.49999999999999994
SECRETS 0.35355339059327373 0.12499999999999999 -0.5 -0.08838834764831842 0.7071067811865476 -0.17677669529663687 0.0 0.24999999999999997 -0.08838834764831842 0.0
AND 0.0 0.0 0.08838834764831842 0.7071067811865475 0.12499999999999999 0.49999999999999994 -0.24999999999999997 -0.08838834764831842 0.17677669529663687 -0.35355339059327373
K -0.17677669529663687 0.7071067811865475 -0.12499999999999999 0.35355339059327373 0.25 0.08838834764831842 0.0 0.5 -0.08838834764831842 0.0
Rowling 0.49999999999999994 -0.24999999999999997 0.7071067811865475 0.08838834764831842 0.08838834764831842 0.0 0.0 -0.12499999999999999 -0.17677669529663684 -0.35355339059327373
J 0.7071067811865475 0.08838834764831842 -0.17677669529663684 0.0 -0.24999999999999997 -0.35355339059327373 -0.08838834764831842 0.0 0.49999999999999994 -0.12499999999999999
is 0.12499999999999999 0.08838834764831842 0.35355339059327373 0.0 0.5 -0.7071067811865476 -0.08838834764831842 0.0 -0.17677669529663687 -0.24999999999999997
BOOK 0.0 0.08838834764831842 -0.5 -0.35355339059327373 0.12499999999999999 0.0 0.7071067811865476 -0.08838834764831842 -0.17677669529663687 -0.24999999999999997
in 0.35355339059327373 0.0 -0.08838834764831842 0.17677669529663684 0.0 -0.08838834764831842 -0.7071067811865475 0.5 -0.12499999999999999 0.24999999999999997
the 0.7071067811865475 0.0 -0.3535533905932737 -0.08838834764831842 0.08838834764831842 -0.17677669529663684 0.0 -0.49999999999999994 0.12499999999999999 -0.24999999999999997
this -0.7071067811865475 0.35355339059327373 0.24999999999999997 0.0 0.0 0.08838834764831842 0.08838834764831842 0.12499999999999999 0.5 -0.17677669529663684
Harry 0.5 -0.35355339059327373 0.7071067811865476 0.17677669529663684 -0.24999999999999997 0.0 0.12499999999999996 0.0 0.0883883476483184 0.0883883476483184
Potter -0.08838834764831842 0.12499999999999999 -0.24999999999999997 0.17677669529663687 0.0 -0.08838834764831842 0.0 -0.7071067811865475 -0.35355339059327373 -0.49999999999999994
series 0.17677669529663684 -0.08838834764831842 -0.35355339059327373 -0.08838834764831842 0.24999999999999997 0.5 0.12499999999999999 0.0 0.0 -0.7071067811865475
ScannedOCR -0.24999999999999997 0.0 -0.35355339059327373 0.0 0.7071067811865475 -0.17677669529663684 0.12499999999999996 -0.0883883476483184 -0.5 0.0883883476483184
Friday 0.5 0.0 0.12499999999999999 0.08838834764831842 0.35355339059327373 -0.17677669529663687 0.08838834764831842 -0.7071067811865476 -0.24999999999999997 0.0
April -0.49999999999999994 0.17677669529663684 -0.7071067811865475 -0.24999999999999997 0.0883883476483184 -0.12499999999999996 0.35355339059327373 -0.0883883476483184 0.0 0.0
Original 0.5 0.24999999999999997 -0.08838834764831842 0.08838834764831842 0.35355339059327373 0.0 0.0 -0.12499999999999999 0.7071067811865476 0.17677669529663684
where 0.0 -0.12499999999999999 -0.35355339059327373 -0.08838834764831842 0.0 0.08838834764831842 -0.7071067811865475 0.24999999999999997 -0.5 -0.17677669529663687
needed 0.5 0.08838834764831843 0.0 0.08838834764831843 0.35355339059327373 0.0 0.17677669529663687 -0.7071067811865476 -0.125 0.25
change 0.0 -0.12499999999999996 0.0 -0.17677669529663684 -0.7071067811865475 -0.0883883476483184 -0.0883883476483184 0.49999999999999994 -0.3535533905932737 0.24999999999999997
version -0.49999999999999994 0.0883883476483184 -0.7071067811865475 -0.0883883476483184 -0.12499999999999996 0.0 -0.3535533905932737 0.0 0.24999999999999992 -0.1767766952966368
edit -0.35355339059327373 0.0 0.12499999999999999 -0.5 0.7071067811865476 0.0 -0.17677669529663687 0.08838834764831842 0.08838834764831842 0.25
number 0.0 0.0883883476483184 0.7071067811865475 -0.24999999999999992 0.0883883476483184 -0.12499999999999996 0.49999999999999994 0.0 0.3535533905932737 -0.1767766952966368
by 0.08838834764831842 -0.08838834764831842 -0.24999999999999997 -0.35355339059327373 0.0 0.12499999999999999 -0.5 0.0 -0.7071067811865475 0.17677669529663684
H -0.12499999999999999 0.0 0.0 -0.08838834764831842 0.24999999999999997 -0.7071067811865475 0.49999999999999994 -0.08838834764831842 -0.35355339059327373 -0.17677669529663687
A 0.5 0.35355339059327373 -0.24999999999999997 -0.7071067811865476 0.0 0.0 -0.12499999999999999 -0.08838834764831842 -0.17677669529663687 0.08838834764831842
P 0.0 -0.08838834764831843 0.0 0.125 -0.25 -0.5 0.7071067811865476 -0.08838834764831843 -0.1767766952966369 0.3535533905932738
T -0.125 0.08838834764831843 -0.08838834764831843 0.0 -0.25 -0.1767766952966369 -0.5 0.7071067811865476 0.0 -0.3535533905932738
C -0.35355339059327373 -0.12499999999999999 0.17677669529663687 0.08838834764831842 0.0 -0.25 -0.08838834764831842 0.5 0.7071067811865476 0.0
E 0.7071067811865475 -0.24999999999999997 0.08838834764831842 0.35355339059327373 -0.12499999999999999 -0.5 0.17677669529663687 0.0 0.0 0.08838834764831842
O 0.17677669529663684 -0.0883883476483184 -0.12499999999999996 0.0 0.49999999999999994 -0.0883883476483184 -0.24999999999999997 -0.7071067811865475 0.0 0.3535533905932737
N -0.17677669529663684 0.0 0.7071067811865475 0.0 -0.0883883476483184 -0.12499999999999996 0.49999999999999994 -0.24999999999999997 -0.0883883476483184 -0.3535533905932737
WORST 0.08838834764831842 -0.12499999999999999 0.24999999999999997 0.0 0.35355339059327373 -0.08838834764831842 -0.17677669529663687 -0.7071067811865475 0.0 -0.49999999999999994
BIRTHDAY 0.0 0.12499999999999996 0.0883883476483184 0.49999999999999994 -0.0883883476483184 -0.17677669529663684 0.7071067811865475 0.3535533905932737 0.0 0.24999999999999992
for 0.7071067811865475 -0.0883883476483184 0.24999999999999997 0.35355339059327373 -0.17677669529663684 0.0 0.0 0.12499999999999996 0.0883883476483184 0.5
first -0.35355339059327373 0.24999999999999997 -0.17677669529663684 0.0883883476483184 0.7071067811865475 0.0 -0.5 0.12499999999999996 0.0 -0.0883883476483184
time 0.17677669529663684 -0.3535533905932737 -0.7071067811865475 0.0 0.0883883476483184 -0.49999999999999994 -0.12499999999999996 0.0 -0.0883883476483184 0.24999999999999997
Not 0.5 0.08838834764831842 -0.08838834764831842 0.24999999999999997 0.0 0.35355339059327373 0.7071067811865476 0.12499999999999999 0.0 0.17677669529663684
an -0.08838834764831842 -0.24999999999999997 0.0 -0.5 0.7071067811865476 0.08838834764831842 0.12499999999999999 0.0 0.35355339059327373 -0.17677669529663684
argument -0.17677669529663684 0.0 -0.49999999999999994 0.7071067811865475 0.12499999999999996 0.0883883476483184 -0.24999999999999997 0.0 0.3535533905932737 0.0883883476483184
had 0.35355339059327373 0.0 0.12499999999999999 0.5 0.24999999999999997 0.08838834764831842 0.0 0.17677669529663687 0.08838834764831842 -0.7071067811865476
broken 0.0 -0.7071067811865475 0.12499999999999999 0.08838834764831842 0.08838834764831842 0.35355339059327373 -0.17677669529663687 -0.24999999999999997 0.0 0.5
out -0.08838834764831842 -0.17677669529663687 0.35355339059327373 0.0 0.12499999999999999 0.0 0.5 0.7071067811865475 0.25 -0.08838834764831842
over 0.7071067811865475 -0.49999999999999994 0.08838834764831842 -0.12499999999999999 0.08838834764831842 0.17677669529663687 0.0 0.0 0.24999999999999997 -0.35355339059327373
breakfast -0.35355339059327373 0.17677669529663687 0.0 -0.5 0.0 -0.08838834764831842 0.12499999999999999 0.08838834764831842 0.25 0.7071067811865476
at -0.7071067811865475 0.35355339059327373 0.08838834764831842 0.0 -0.24999999999999997 0.5 -0.17677669529663684 0.0 0.08838834764831842 0.12499999999999999
four 0.17677669529663687 0.08838834764831842 0.25 0.0 -0.12499999999999999 0.5 0.08838834764831842 0.0 -0.35355339059327373 0.7071067811865476
Privet -0.24999999999999997 0.0 0.08838834764831842 0.12499999999999999 0.08838834764831842 0.0 -0.5 -0.7071067811865476 -0.17677669529663687 0.35355339059327373
Drive 0.0 -0.35355339059327373 0.08838834764831843 0.5 0.7071067811865476 0.08838834764831843 0.0 0.125 0.17677669529663687 0.25
Mr 0.35355339059327373 -0.17677669529663684 -0.7071067811865475 -0.08838834764831842 0.0 -0.5 0.24999999999999997 -0.08838834764831842 0.0 -0.12499999999999999
Vernon -0.17677669529663684 -0.49999999999999994 -0.0883883476483184 0.0 0.7071067811865475 -0.12499999999999996 -0.3535533905932737 -0.24999999999999997 0.0 -0.0883883476483184
Dursley -0.08838834764831842 0.3535533905932737 -0.7071067811865475 0.08838834764831842 -0.17677669529663684 0.0 0.24999999999999997 -0.12499999999999999 0.49999999999999994 0.0
been -0.0883883476483184 0.35355339059327373 -0.24999999999999997 -0.7071067811865475 0.0 -0.17677669529663684 0.0 0.12499999999999996 -0.0883883476483184 -0.5
woken 0.0 0.0883883476483184 0.7071067811865475 -0.3535533905932737 0.49999999999999994 -0.12499999999999996 0.24999999999999992 0.0 0.17677669529663684 0.0883883476483184
early 0.0 0.17677669529663684 0.08838834764831842 0.7071067811865475 0.0 -0.35355339059327373 -0.24999999999999997 -0.5 0.08838834764831842 0.12499999999999999
hours 0.0 0.08838834764831842 -0.17677669529663687 0.25 0.0 0.12499999999999999 -0.35355339059327373 0.5 0.7071067811865475 0.08838834764831842
of 0.0 -0.7071067811865475 0.0 0.35355339059327373 -0.08838834764831842 0.24999999999999997 -0.17677669529663684 0.5 -0.08838834764831842 -0.12499999999999999
morning -0.17677669529663684 -0.08838834764831842 0.35355339059327373 -0.08838834764831842 -0.12499999999999999 0.5 -0.24999999999999997 0.0 0.0 0.7071067811865475
a -0.7071067811865475 0.0883883476483184 0.0 0.49999999999999994 -0.0883883476483184 0.0 -0.3535533905932737 -0.24999999999999992 0.1767766952966368 0.12499999999999996
loud 0.0 0.12499999999999999 0.5 0.0 -0.17677669529663687 0.35355339059327373 0.7071067811865476 -0.08838834764831842 0.25 0.08838834764831842
hooting -0.08838834764831842 0.12499999999999999 -0.17677669529663687 -0.08838834764831842 0.0 0.7071067811865475 -0.24999999999999997 0.35355339059327373 0.0 -0.49999999999999994
noise -0.12499999999999999 0.0 -0.17677669529663687 0.08838834764831842 0.0 -0.08838834764831842 0.35355339059327373 -0.7071067811865475 -0.25 0.5
from 0.35355339059327373 0.7071067811865475 0.08838834764831842 0.08838834764831842 0.0 0.24999999999999997 -0.12499999999999999 0.0 -0.5 0.17677669529663684
his 0.35355339059327373 0.0 0.12499999999999999 -0.24999999999999997 0.5 0.08838834764831842 -0.17677669529663687 0.08838834764831842 0.0 -0.7071067811865475
Harrys 0.7071067811865475 0.0 -0.35355339059327373 0.24999999999999997 0.12499999999999999 -0.5 0.0 0.08838834764831842 -0.08838834764831842 0.17677669529663687
room -0.5 0.35355339059327373 -0.7071067811865476 0.17677669529663684 -0.24999999999999997 0.0 0.0 -0.12499999999999996 0.0883883476483184 0.0883883476483184
nephew -0.08838834764831842 -0.12499999999999999 -0.35355339059327373 -0.08838834764831842 0.24999999999999997 -0.17677669529663687 0.0 0.5 0.0 -0.7071067811865475
week -0.08838834764831842 -0.08838834764831842 0.0 -0.49999999999999994 -0.12499999999999999 0.24999999999999997 -0.35355339059327373 0.0 -0.17677669529663684 0.7071067811865475
he -0.17677669529663687 -0.08838834764831842 -0.12499999999999999 0.0 0.0 -0.35355339059327373 0.08838834764831842 -0.5 -0.7071067811865475 -0.25
Third 0.0 0.08838834764831842 -0.08838834764831842 0.0 0.35355339059327373 0.24999999999999997 0.17677669529663684 -0.12499999999999999 0.7071067811865475 -0.5
roared 0.0 0.7071067811865475 0.24999999999999997 0.17677669529663684 -0.0883883476483184 0.0 0.12499999999999996 0.0883883476483184 -0.35355339059327373 -0.49999999999999994
across -0.24999999999999997 0.08838834764831842 -0.08838834764831842 0.0 -0.7071067811865475 -0.17677669529663684 -0.35355339059327373 0.12499999999999999 0.0 0.49999999999999994
table -0.35355339059327373 0.5 0.08838834764831842 0.08838834764831842 0.12499999999999999 -0.24999999999999997 -0.7071067811865476 -0.17677669529663684 0.0 0.0
If -0.17677669529663687 0.0 0.08838834764831842 -0.25 0.12499999999999999 0.35355339059327373 0.5 0.0 0.08838834764831842 0.7071067811865475
you 0.3535533905932737 0.12499999999999996 -0.17677669529663684 -0.0883883476483184 0.0 0.7071067811865475 -0.0883883476483184 -0.24999999999999997 -0.49999999999999994 0.0
cant -0.12499999999999999 0.0 0.35355339059327373 -0.17677669529663687 0.0 0.5 0.08838834764831842 0.7071067811865476 -0.25 -0.08838834764831842
that -0.17677669529663687 0.12499999999999999 0.35355339059327373 -0.5 0.08838834764831842 -0.25 0.08838834764831842 0.0 0.0 -0.7071067811865475
owl 0.0 -0.7071067811865475 0.12499999999999996 -0.3535533905932737 0.0883883476483184 -0.17677669529663684 0.49999999999999994 -0.24999999999999992 0.0 -0.0883883476483184
itll -0.12499999999999999 -0.08838834764831842 -0.49999999999999994 0.0 -0.17677669529663687 0.0 -0.24999999999999997 -0.08838834764831842 0.7071067811865475 0.35355339059327373
have -0.17677669529663684 -0.49999999999999994 0.0 -0.0883883476483184 -0.24999999999999997 -0.7071067811865475 0.3535533905932737 0.0 -0.12499999999999996 0.0883883476483184
control 0.0 -0.25 -0.17677669529663687 0.12499999999999999 -0.3535533905932738 -0.08838834764831842 0.5 0.0 0.7071067811865476 -0.08838834764831842
to 0.7071067811865475 0.08838834764831842 0.49999999999999994 0.0 0.0 -0.08838834764831842 -0.24999999999999997 -0.17677669529663684 -0.35355339059327373 -0.12499999999999999
go -0.12499999999999996 -0.24999999999999997 0.35355339059327373 0.7071067811865475 0.0 -0.49999999999999994 0.17677669529663684 0.0883883476483184 0.0883883476483184 0.0
tried 0.12499999999999999 0.24999999999999997 -0.08838834764831842 0.0 -0.5 -0.7071067811865476 0.17677669529663687 -0.08838834764831842 -0.35355339059327373 0.0
yet -0.17677669529663684 0.7071067811865475 0.0883883476483184 -0.12499999999999996 0.49999999999999994 0.0883883476483184 0.0 0.24999999999999997 0.0 -0.3535533905932737
again -0.12499999999999999 0.0 0.35355339059327373 0.24999999999999997 0.08838834764831842 0.17677669529663687 -0.5 0.08838834764831842 0.0 0.7071067811865475
explain 0.17677669529663684 0.08838834764831842 0.08838834764831842 0.0 0.7071067811865475 -0.24999999999999997 0.35355339059327373 0.0 -0.49999999999999994 -0.12499999999999999
bored -0.08838834764831842 0.0 0.3535533905932737 -0.08838834764831842 0.0 -0.17677669529663684 -0.7071067811865475 0.24999999999999997 0.49999999999999994 -0.12499999999999999
said -0.7071067811865475 -0.12499999999999999 0.0 -0.08838834764831842 -0.08838834764831842 0.17677669529663687 0.35355339059327373 0.5 0.24999999999999997 0.0
Shes 0.5 -0.12499999999999999 0.24999999999999997 0.08838834764831842 -0.08838834764831842 -0.7071067811865476 0.0 0.17677669529663687 0.35355339059327373 0.0
used 0.0 -0.24999999999999997 0.08838834764831842 0.49999999999999994 0.0 -0.17677669529663684 -0.35355339059327373 0.08838834764831842 -0.12499999999999999 -0.7071067811865475
flying 0.35355339059327373 0.24999999999999997 0.08838834764831842 -0.12499999999999999 0.0 0.5 0.17677669529663687 0.0 0.08838834764831842 0.7071067811865475
around 0.08838834764831842 -0.24999999999999997 0.35355339059327373 -0.12499999999999999 -0.08838834764831842 -0.5 0.0 0.17677669529663687 0.0 0.7071067811865475
outside 0.35355339059327373 -0.12499999999999999 -0.24999999999999997 0.08838834764831842 0.5 -0.17677669529663687 0.08838834764831842 0.0 0.7071067811865475 0.0
I -0.08838834764831842 0.08838834764831842 -0.5 -0.24999999999999997 0.0 -0.12499999999999999 -0.35355339059327373 0.7071067811865476 0.0 -0.17677669529663684
could 0.24999999999999997 0.7071067811865475 -0.08838834764831842 -0.08838834764831842 0.0 0.17677669529663684 -0.35355339059327373 0.49999999999999994 0.12499999999999999 0.0
let -0.08838834764831842 0.0 0.17677669529663684 0.5 0.0 -0.35355339059327373 -0.24999999999999997 -0.08838834764831842 0.12499999999999999 0.7071067811865476
her -0.5 0.35355339059327373 0.17677669529663684 0.0 0.7071067811865476 0.0 -0.08838834764831842 0.08838834764831842 0.24999999999999997 0.12499999999999999
just -0.49999999999999994 -0.7071067811865475 -0.0883883476483184 0.0 0.3535533905932737 -0.12499999999999996 -0.17677669529663684 0.24999999999999992 -0.0883883476483184 0.0
night -0.35355339059327373 0.24999999999999997 0.7071067811865475 0.08838834764831842 -0.08838834764831842 0.0 -0.5 -0.17677669529663684 0.0 -0.12499999999999999
look 0.08838834764831842 0.0 0.35355339059327373 -0.17677669529663684 0.5 -0.7071067811865475 0.24999999999999997 -0.08838834764831842 0.12499999999999999 0.0
stupid -0.12499999999999999 -0.08838834764831842 -0.49999999999999994 0.0 -0.08838834764831842 0.0 -0.17677669529663687 -0.24999999999999997 -0.35355339059327373 -0.7071067811865475
snarled 0.0 0.0883883476483184 -0.3535533905932737 0.7071067811865475 0.12499999999999996 0.49999999999999994 0.24999999999999992 0.0 0.0883883476483184 -0.17677669529663684
Do -0.5 -0.08838834764831842 -0.35355339059327373 0.24999999999999997 -0.17677669529663684 0.0 0.0 -0.08838834764831842 0.12499999999999999 0.7071067811865476
Uncle 0.7071067811865475 0.3535533905932737 0.0 0.0883883476483184 -0.49999999999999994 0.0 -0.1767766952966368 0.24999999999999992 -0.0883883476483184 -0.12499999999999996
bit 0.35355339059327373 0.0 0.0883883476483184 -0.5 0.0 0.24999999999999997 0.17677669529663684 0.12499999999999996 0.0883883476483184 -0.7071067811865476
fried -0.3535533905932737 0.0 -0.7071067811865475 0.0883883476483184 0.12499999999999996 -0.49999999999999994 -0.17677669529663684 0.0883883476483184 -0.24999999999999992 0.0
egg 0.0 -0.35355339059327373 0.08838834764831842 -0.5 -0.12499999999999999 0.24999999999999997 0.0 0.08838834764831842 0.7071067811865476 -0.17677669529663687
dangling 0.08838834764831843 -0.125 0.0 -0.25 0.0 0.08838834764831843 0.5 0.7071067811865476 0.1767766952966369 -0.3535533905932738
bushy 0.7071067811865475 0.17677669529663684 0.0 -0.49999999999999994 0.24999999999999997 -0.12499999999999996 0.35355339059327373 -0.0883883476483184 -0.0883883476483184 0.0
mustache -0.3535533905932737 -0.17677669529663684 0.0883883476483184 0.0 -0.24999999999999997 0.0 -0.12499999999999996 -0.7071067811865475 -0.0883883476483184 -0.49999999999999994
know -0.49999999999999994 0.17677669529663684 0.7071067811865475 -0.0883883476483184 -0.3535533905932737 0.0 -0.12499999999999996 0.24999999999999997 0.0883883476483184 0.0
whatll 0.0 0.08838834764831842 -0.35355339059327373 -0.5 -0.17677669529663687 0.12499999999999999 0.08838834764831842 0.7071067811865476 0.0 -0.25
happen 0.12499999999999999 -0.08838834764831842 0.0 -0.7071067811865475 -0.35355339059327373 -0.24999999999999997 0.5 -0.08838834764831842 0.0 0.17677669529663687
if 0.0 0.24999999999999997 -0.35355339059327373 -0.5 0.12499999999999996 -0.17677669529663684 0.0883883476483184 -0.0883883476483184 0.7071067811865475 0.0
owls 0.35355339059327373 0.24999999999999997 0.0 0.08838834764831842 0.7071067811865475 -0.08838834764831842 0.5 0.0 0.12499999999999999 0.17677669529663684
exchanged -0.35355339059327373 -0.5 -0.17677669529663684 0.0 0.24999999999999997 -0.7071067811865476 -0.0883883476483184 -0.12499999999999996 -0.0883883476483184 0.0
dark -0.17677669529663684 0.7071067811865475 -0.08838834764831842 -0.35355339059327373 -0.5 0.08838834764831842 0.0 0.24999999999999997 0.0 -0.12499999999999999
looks 0.7071067811865475 -0.12499999999999999 0.24999999999999997 -0.35355339059327373 0.5 -0.08838834764831842 -0.08838834764831842 0.0 0.0 -0.17677669529663687
with -0.35355339059327373 0.5 -0.08838834764831842 -0.12499999999999999 0.24999999999999997 0.7071067811865476 0.0 0.0 -0.08838834764831842 0.17677669529663687
He 0.17677669529663684 -0.49999999999999994 0.24999999999999997 -0.0883883476483184 0.7071067811865475 -0.35355339059327373 0.0 0.0 0.12499999999999996 -0.0883883476483184
wife -0.5 0.08838834764831842 0.24999999999999997 -0.35355339059327373 -0.17677669529663684 0.0 0.0 -0.08838834764831842 0.12499999999999999 -0.7071067811865476
Petunia -0.0883883476483184 0.0 -0.24999999999999997 0.0 0.49999999999999994 -0.17677669529663684 -0.12499999999999996 0.7071067811865475 -0.0883883476483184 -0.35355339059327373
argue 0.17677669529663684 0.0 0.12499999999999996 -0.49999999999999994 0.0 0.24999999999999997 0.7071067811865475 0.0883883476483184 0.3535533905932737 -0.0883883476483184
back 0.08838834764831842 0.12499999999999999 0.7071067811865475 -0.17677669529663687 -0.24999999999999997 -0.08838834764831842 -0.35355339059327373 0.0 -0.49999999999999994 0.0
but 0.17677669529663684 0.7071067811865475 0.24999999999999997 0.0883883476483184 -0.12499999999999996 0.49999999999999994 0.0 -0.35355339059327373 0.0 0.0883883476483184
words 0.08838834764831842 0.0 0.5 -0.24999999999999997 -0.12499999999999999 -0.08838834764831842 -0.7071067811865476 -0.17677669529663687 0.35355339059327373 0.0
were -0.24999999999999997 0.0 -0.08838834764831842 -0.7071067811865475 0.08838834764831842 0.0 -0.49999999999999994 -0.17677669529663684 -0.35355339059327373 -0.12499999999999999
drowned 0.25 0.0 -0.08838834764831842 0.17677669529663687 -0.3535533905932738 -0.5 0.7071067811865476 -0.12499999999999999 0.0 0.08838834764831842
long -0.24999999999999992 0.12499999999999996 0.0883883476483184 0.7071067811865475 0.0 0.49999999999999994 0.0883883476483184 -0.3535533905932737 0.0 -0.17677669529663684
belch 0.12499999999999999 -0.08838834764831842 -0.17677669529663687 -0.49999999999999994 0.0 0.7071067811865475 0.0 0.24999999999999997 -0.35355339059327373 0.08838834764831842
Dursleys -0.24999999999999997 0.49999999999999994 -0.17677669529663684 0.12499999999999996 -0.7071067811865475 -0.0883883476483184 0.35355339059327373 -0.0883883476483184 0.0 0.0
son 0.7071067811865475 0.0 0.0883883476483184 0.0 0.3535533905932737 0.12499999999999996 0.17677669529663684 -0.49999999999999994 -0.24999999999999992 0.0883883476483184
Dudley -0.17677669529663687 -0.25 -0.08838834764831842 -0.3535533905932738 0.0 -0.12499999999999999 0.08838834764831842 -0.5 -0.7071067811865476 0.0
want 0.12499999999999999 0.0 -0.08838834764831842 0.49999999999999994 0.08838834764831842 0.0 0.17677669529663687 -0.24999999999999997 -0.35355339059327373 0.7071067811865475
more 0.17677669529663684 0.0 0.24999999999999997 -0.7071067811865475 -0.49999999999999994 0.0883883476483184 0.0 -0.12499999999999996 0.0883883476483184 -0.35355339059327373
bacon 0.24999999999999997 0.35355339059327373 0.0 0.0 -0.5 -0.08838834764831842 0.12499999999999999 0.7071067811865475 0.17677669529663687 0.08838834764831842
frying 0.0883883476483184 -0.24999999999999997 0.0 0.35355339059327373 0.17677669529663684 0.12499999999999996 0.0883883476483184 -0.7071067811865475 0.0 0.5
Theres 0.5 -0.35355339059327373 0.12499999999999996 0.7071067811865476 -0.24999999999999997 -0.17677669529663684 0.0 -0.0883883476483184 -0.0883883476483184 0.0
pan -0.08838834764831842 0.0 -0.5 0.17677669529663684 0.35355339059327373 -0.7071067811865476 -0.24999999999999997 0.08838834764831842 -0.12499999999999999 0.0
sweetums 0.0 0.35355339059327373 0.12499999999999999 0.0 0.24999999999999997 0.08838834764831842 -0.17677669529663687 0.08838834764831842 0.7071067811865475 -0.5
Aunt -0.0883883476483184 -0.17677669529663684 0.0 -0.12499999999999996 -0.49999999999999994 0.0 -0.0883883476483184 0.24999999999999997 -0.7071067811865475 -0.3535533905932737
misty 0.0 0.5 0.17677669529663687 -0.35355339059327373 -0.7071067811865476 0.0 -0.12499999999999999 -0.08838834764831842 0.25 0.08838834764831842
eyes -0.7071067811865475 0.12499999999999999 0.0 -0.08838834764831842 -0.17677669529663687 0.08838834764831842 -0.35355339059327373 -0.5 -0.24999999999999997 0.0
on -0.08838834764831842 0.0 -0.24999999999999997 0.0 0.08838834764831842 0.5 0.35355339059327373 -0.7071067811865476 0.12499999999999999 0.17677669529663684
turning 0.0 0.3535533905932737 -0.7071067811865475 0.49999999999999994 0.0 -0.17677669529663684 0.0883883476483184 0.24999999999999997 0.12499999999999996 0.0883883476483184
massive -0.12499999999999996 0.17677669529663684 -0.7071067811865475 0.0 0.49999999999999994 -0.0883883476483184 -0.0883883476483184 -0.24999999999999997 0.0 -0.3535533905932737
We 0.0 -0.35355339059327373 -0.12499999999999999 0.08838834764831842 -0.7071067811865475 0.0 0.24999999999999997 -0.17677669529663687 0.5 -0.08838834764831842
must 0.49999999999999994 -0.24999999999999997 0.0 -0.08838834764831842 0.08838834764831842 0.12499999999999999 -0.7071067811865475 0.17677669529663684 0.0 -0.35355339059327373
build -0.17677669529663687 0.0 -0.7071067811865475 -0.08838834764831842 -0.25 -0.12499999999999999 0.0 0.08838834764831842 0.35355339059327373 -0.5
up 0.35355339059327373 0.0 0.12499999999999999 0.5 0.08838834764831842 -0.24999999999999997 0.17677669529663687 0.0 -0.08838834764831842 0.7071067811865476
while -0.08838834764831842 -0.35355339059327373 0.08838834764831842 -0.24999999999999997 -0.7071067811865475 0.0 0.0 -0.5 -0.17677669529663684 0.12499999999999999
got -0.12499999999999996 0.0883883476483184 0.17677669529663684 0.49999999999999994 -0.7071067811865475 0.0883883476483184 0.3535533905932737 0.0 0.24999999999999992 0.0
chance 0.0883883476483184 -0.3535533905932737 -0.7071067811865475 0.12499999999999996 0.49999999999999994 0.0 0.0 -0.24999999999999992 0.0883883476483184 0.17677669529663684
weve -0.35355339059327373 -0.24999999999999997 -0.7071067811865475 0.12499999999999999 0.08838834764831842 0.5 0.0 0.0 0.17677669529663687 0.08838834764831842
dont 0.08838834764831842 0.08838834764831842 0.5 0.24999999999999997 0.35355339059327373 -0.17677669529663684 -0.12499999999999999 0.0 0.0 -0.7071067811865476
like -0.125 0.0 0.08838834764831843 0.1767766952966369 -0.25 0.3535533905932738 0.08838834764831843 0.5 0.0 0.7071067811865476
sound 0.12499999999999999 -0.35355339059327373 -0.08838834764831842 0.7071067811865475 -0.24999999999999997 0.0 0.17677669529663687 -0.08838834764831842 -0.5 0.0
school 0.0 0.24999999999999997 0.12499999999999999 0.5 0.0 0.08838834764831842 -0.7071067811865476 -0.17677669529663687 0.08838834764831842 -0.35355339059327373
food 0.12499999999999999 0.7071067811865475 -0.24999999999999997 0.08838834764831842 -0.17677669529663687 0.08838834764831842 0.0 -0.35355339059327373 0.5 0.0
never -0.08838834764831842 0.0 0.7071067811865475 0.08838834764831842 0.17677669529663684 0.49999999999999994 0.3535533905932737 -0.12499999999999999 -0.24999999999999997 0.0
went -0.49999999999999994 0.12499999999999996 0.0 -0.7071067811865475 0.17677669529663684 -0.3535533905932737 0.24999999999999997 0.0883883476483184 0.0883883476483184 0.0
Nonsense 0.0 0.17677669529663687 0.0 -0.08838834764831842 0.35355339059327373 -0.7071067811865475 -0.12499999999999999 0.25 -0.08838834764831842 0.5
hungry 0.08838834764831843 0.0 0.08838834764831843 0.0 -0.35355339059327373 0.5 -0.125 0.17677669529663687 -0.7071067811865476 0.25
when -0.24999999999999997 -0.49999999999999994 0.0 0.08838834764831842 0.08838834764831842 0.17677669529663684 0.35355339059327373 0.0 0.12499999999999999 -0.7071067811865475
was 0.24999999999999997 -0.0883883476483184 -0.49999999999999994 0.7071067811865475 0.17677669529663684 0.12499999999999996 0.35355339059327373 0.0 0.0 -0.0883883476483184
Smeltings -0.49999999999999994 0.0883883476483184 0.7071067811865475 0.17677669529663684 0.0 -0.3535533905932737 -0.12499999999999996 0.0 -0.24999999999999997 -0.0883883476483184
heartily -0.08838834764831842 -0.08838834764831842 0.49999999999999994 0.7071067811865475 0.0 -0.24999999999999997 -0.12499999999999999 0.0 -0.17677669529663684 -0.35355339059327373
gets 0.0 -0.08838834764831842 -0.08838834764831842 0.17677669529663684 -0.49999999999999994 0.0 -0.7071067811865475 -0.12499999999999999 0.3535533905932737 -0.24999999999999997
enough -0.17677669529663687 0.0 -0.7071067811865475 -0.08838834764831842 0.0 -0.12499999999999999 -0.35355339059327373 -0.08838834764831842 0.25 0.5
who 0.49999999999999994 0.24999999999999997 -0.0883883476483184 -0.17677669529663684 -0.7071067811865475 -0.12499999999999996 0.0883883476483184 0.0 0.0 -0.35355339059327373
so -0.08838834764831843 -0.125 0.0 0.1767766952966369 -0.25 -0.5 -0.7071067811865476 0.0 -0.3535533905932738 0.08838834764831843
large -0.12499999999999999 0.08838834764831842 0.35355339059327373 0.0 -0.17677669529663687 -0.5 0.0 -0.24999999999999997 -0.7071067811865476 0.08838834764831842
bottom 0.0 0.35355339059327373 0.0 0.08838834764831842 0.17677669529663687 -0.12499999999999999 0.08838834764831842 -0.25 -0.5 -0.7071067811865476
drooped 0.0883883476483184 0.0 -0.7071067811865475 0.24999999999999992 -0.49999999999999994 0.0 -0.12499999999999996 0.17677669529663684 0.3535533905932737 -0.0883883476483184
either 0.35355339059327373 0.5 0.08838834764831842 -0.17677669529663684 0.24999999999999997 0.0 -0.7071067811865476 -0.08838834764831842 0.0 0.12499999999999999
side 0.5 0.35355339059327373 -0.08838834764831842 0.17677669529663687 -0.12499999999999999 0.0 -0.7071067811865476 0.0 0.25 0.08838834764831842
chair -0.5 0.24999999999999997 0.08838834764831842 0.0 0.12499999999999999 0.17677669529663687 0.0 0.35355339059327373 0.7071067811865476 -0.08838834764831842
grinned 0.08838834764831842 -0.08838834764831842 0.24999999999999997 0.0 -0.12499999999999999 0.5 0.35355339059327373 -0.17677669529663684 0.0 -0.7071067811865476
and 0.0 -0.35355339059327373 0.0 0.5 0.17677669529663687 -0.12499999999999999 0.08838834764831842 0.25 -0.08838834764831842 0.7071067811865476
turned 0.0 -0.7071067811865475 0.3535533905932737 -0.0883883476483184 0.49999999999999994 0.1767766952966368 0.0883883476483184 -0.24999999999999992 -0.12499999999999996 0.0
kitchen 0.08838834764831842 0.12499999999999999 0.24999999999999997 0.17677669529663687 -0.35355339059327373 0.0 0.7071067811865475 -0.08838834764831842 0.0 0.49999999999999994
Pass 0.24999999999999997 -0.08838834764831842 0.0 -0.35355339059327373 -0.12499999999999999 -0.5 -0.08838834764831842 0.7071067811865475 -0.17677669529663687 0.0
forgotten 0.08838834764831842 -0.17677669529663684 0.0 -0.49999999999999994 0.24999999999999997 0.0 0.08838834764831842 0.7071067811865475 -0.12499999999999999 0.35355339059327373
magic 0.49999999999999994 -0.12499999999999996 -0.7071067811865475 0.0 -0.24999999999999992 -0.0883883476483184 -0.0883883476483184 0.17677669529663684 0.0 0.3535533905932737
word 0.12499999999999996 0.0 -0.17677669529663684 0.49999999999999994 0.7071067811865475 0.0 -0.3535533905932737 -0.24999999999999997 -0.0883883476483184 0.0883883476483184
Youve -0.12499999999999999 0.25 -0.17677669529663687 0.08838834764831842 -0.08838834764831842 -0.5 0.3535533905932738 0.0 0.0 -0.7071067811865476
irritably -0.08838834764831842 -0.7071067811865475 -0.08838834764831842 0.3535533905932737 -0.17677669529663684 0.12499999999999999 0.0 0.0 0.24999999999999997 -0.49999999999999994
effect 0.24999999999999997 0.0 -0.7071067811865475 -0.08838834764831842 -0.08838834764831842 0.35355339059327373 0.0 0.17677669529663684 -0.12499999999999999 0.5
simple 0.49999999999999994 -0.08838834764831842 0.0 -0.7071067811865475 0.17677669529663684 -0.24999999999999997 0.0 -0.08838834764831842 -0.35355339059327373 -0.12499999999999999
The -0.17677669529663687 0.0 0.7071067811865475 -0.12499999999999999 -0.35355339059327373 0.5 0.08838834764831842 0.08838834764831842 -0.25 0.0
sentence -0.12499999999999999 0.0 0.08838834764831842 -0.49999999999999994 -0.24999999999999997 0.35355339059327373 0.08838834764831842 0.7071067811865475 0.17677669529663687 0.0
rest -0.17677669529663684 0.0 0.7071067811865475 -0.35355339059327373 -0.08838834764831842 0.08838834764831842 0.0 0.5 0.12499999999999999 0.24999999999999997
family 0.12499999999999999 0.0 0.0 0.24999999999999997 0.08838834764831842 0.17677669529663687 0.7071067811865475 0.08838834764831842 -0.35355339059327373 -0.5
gasped -0.17677669529663684 0.08838834764831842 -0.08838834764831842 0.5 0.0 0.0 0.12499999999999999 0.35355339059327373 -0.7071067811865476 -0.24999999999999997
fell 0.24999999999999997 -0.08838834764831842 0.0 -0.49999999999999994 -0.17677669529663684 -0.08838834764831842 0.0 0.35355339059327373 0.12499999999999999 -0.7071067811865475
incredible -0.49999999999999994 -0.08838834764831842 0.12499999999999999 0.0 -0.17677669529663687 0.7071067811865475 -0.24999999999999997 -0.08838834764831842 -0.35355339059327373 0.0
off -0.7071067811865475 -0.08838834764831842 0.35355339059327373 0.0 -0.17677669529663684 0.0 -0.08838834764831842 0.24999999999999997 -0.12499999999999999 -0.5
crash -0.24999999999999997 0.7071067811865475 0.35355339059327373 0.12499999999999999 -0.08838834764831842 0.0 -0.5 0.17677669529663687 0.08838834764831842 0.0
whole -0.17677669529663684 0.35355339059327373 -0.5 -0.08838834764831842 -0.08838834764831842 0.0 -0.24999999999999997 0.7071067811865475 0.0 -0.12499999999999999
Mrs 0.35355339059327373 0.17677669529663684 -0.24999999999999997 0.0883883476483184 0.12499999999999996 -0.5 -0.7071067811865475 0.0883883476483184 0.0 0.0
shook 0.08838834764831842 0.7071067811865475 0.12499999999999999 -0.49999999999999994 -0.17677669529663687 0.0 -0.08838834764831842 0.0 -0.24999999999999997 0.35355339059327373
gave 0.0 -0.17677669529663687 0.08838834764831842 0.0 -0.25 0.7071067811865475 0.12499999999999999 -0.08838834764831842 0.35355339059327373 0.5
small -0.7071067811865475 -0.17677669529663684 0.24999999999999997 0.0 -0.08838834764831842 0.0 -0.08838834764831842 -0.12499999999999999 0.35355339059327373 -0.49999999999999994
scream 0.08838834764831842 -0.7071067811865475 0.49999999999999994 0.0 -0.08838834764831842 0.17677669529663684 0.24999999999999997 0.3535533905932737 0.12499999999999999 0.0
hands -0.24999999999999997 0.5 0.0 -0.08838834764831842 -0.08838834764831842 0.0 0.35355339059327373 0.12499999999999999 0.7071067811865476 0.17677669529663684
clapped 0.0 0.35355339059327373 -0.17677669529663687 -0.12499999999999999 -0.5 0.0 0.25 0.08838834764831842 -0.7071067811865476 0.08838834764831842
mouth 0.0 -0.17677669529663684 0.0883883476483184 0.7071067811865475 0.12499999999999996 -0.0883883476483184 -0.24999999999999997 0.49999999999999994 0.3535533905932737 0.0
jumped 0.08838834764831842 -0.12499999999999999 0.17677669529663687 -0.35355339059327373 0.24999999999999997 0.0 0.0 -0.08838834764831842 0.7071067811865475 -0.5
feet -0.08838834764831842 0.7071067811865475 0.0 0.17677669529663684 -0.08838834764831842 -0.35355339059327373 0.0 -0.12499999999999999 0.24999999999999997 -0.5
throbbing 0.49999999999999994 0.08838834764831842 -0.24999999999999997 0.17677669529663684 0.0 0.08838834764831842 0.12499999999999999 0.35355339059327373 0.0 -0.7071067811865475
temples 0.08838834764831842 0.12499999999999999 0.0 0.5 0.17677669529663687 0.08838834764831842 -0.35355339059327373 0.24999999999999997 0.0 -0.7071067811865476
veins -0.7071067811865475 0.3535533905932737 0.17677669529663684 -0.12499999999999996 0.49999999999999994 -0.24999999999999997 -0.0883883476483184 0.0 -0.0883883476483184 0.0
meant -0.08838834764831842 0.24999999999999997 0.7071067811865475 0.08838834764831842 0.35355339059327373 -0.5 0.0 -0.12499999999999999 0.17677669529663684 0.0
please 0.17677669529663687 -0.12499999999999999 0.08838834764831842 -0.25 0.35355339059327373 0.0 0.08838834764831842 0.0 -0.7071067811865475 -0.5
quickly -0.08838834764831843 -0.08838834764831843 0.0 -0.35355339059327373 0.125 0.5 -0.17677669529663687 0.0 -0.7071067811865476 0.25
didnt 0.08838834764831842 0.5 -0.17677669529663687 0.0 0.35355339059327373 0.0 0.12499999999999999 0.7071067811865476 -0.08838834764831842 -0.25
mean -0.17677669529663684 0.08838834764831842 -0.08838834764831842 -0.35355339059327373 0.12499999999999999 0.0 0.24999999999999997 -0.7071067811865475 0.0 -0.5
HAVE 0.0 0.0 0.0883883476483184 -0.0883883476483184 -0.49999999999999994 -0.7071067811865475 0.3535533905932737 0.24999999999999992 0.1767766952966368 -0.12499999999999996
TOLD -0.25 0.12499999999999999 0.0 -0.3535533905932738 -0.5 0.0 -0.17677669529663687 0.7071067811865476 -0.08838834764831842 0.08838834764831842
YOU 0.0 0.35355339059327373 -0.7071067811865475 -0.24999999999999997 0.12499999999999999 0.0 0.08838834764831842 -0.08838834764831842 0.5 0.17677669529663687
WHAT -0.0883883476483184 0.7071067811865475 -0.24999999999999992 -0.49999999999999994 -0.0883883476483184 0.12499999999999996 -0.3535533905932737 0.0 0.0 0.1767766952966368
thundered 0.24999999999999997 -0.35355339059327373 0.0 0.0 -0.17677669529663684 -0.0883883476483184 -0.12499999999999996 -0.5 0.7071067811865475 0.0883883476483184
uncle -0.17677669529663687 0.12499999999999999 0.25 0.35355339059327373 -0.08838834764831842 0.0 0.08838834764831842 0.7071067811865475 -0.5 0.0
spraying 0.12499999999999996 0.0 0.17677669529663684 -0.49999999999999994 0.7071067811865475 0.3535533905932737 0.0 -0.0883883476483184 0.0883883476483184 0.24999999999999997
spit -0.12499999999999999 -0.25 0.0 0.5 -0.17677669529663687 0.08838834764831842 0.0 0.08838834764831842 -0.3535533905932738 0.7071067811865476
ABOUT -0.49999999999999994 -0.08838834764831842 0.24999999999999997 0.17677669529663684 -0.35355339059327373 0.0 0.0 -0.08838834764831842 0.12499999999999999 0.7071067811865475
SAYING 0.0 -0.49999999999999994 -0.7071067811865475 0.0 0.12499999999999996 0.24999999999999992 -0.0883883476483184 0.0883883476483184 0.3535533905932737 -0.17677669529663684
M 0.0 -0.08838834764831842 -0.5 -0.17677669529663684 0.35355339059327373 -0.08838834764831842 -0.24999999999999997 0.0 -0.7071067811865476 -0.12499999999999999
WORD 0.08838834764831842 -0.12499999999999999 0.24999999999999997 0.7071067811865475 0.0 -0.35355339059327373 -0.08838834764831842 -0.49999999999999994 0.0 0.17677669529663687
IN 0.7071067811865475 0.49999999999999994 -0.08838834764831842 -0.17677669529663684 0.0 0.08838834764831842 0.24999999999999997 -0.12499999999999999 0.0 0.35355339059327373
OUR -0.17677669529663684 0.7071067811865475 0.49999999999999994 0.24999999999999997 -0.12499999999999996 0.0883883476483184 -0.0883883476483184 0.0 0.0 -0.35355339059327373
But -0.49999999999999994 0.17677669529663684 -0.24999999999999997 -0.0883883476483184 0.12499999999999996 0.0 0.0 0.7071067811865475 -0.0883883476483184 -0.35355339059327373
DARE 0.0883883476483184 0.7071067811865475 -0.12499999999999996 -0.17677669529663684 -0.49999999999999994 -0.0883883476483184 0.3535533905932737 0.0 0.0 -0.24999999999999992
THREATEN 0.08838834764831842 0.08838834764831842 0.3535533905932737 0.0 0.7071067811865475 0.0 0.12499999999999999 -0.49999999999999994 0.17677669529663684 -0.24999999999999997
DUDLEY 0.12499999999999999 -0.49999999999999994 -0.08838834764831842 0.08838834764831842 0.24999999999999997 0.17677669529663687 0.0 0.0 0.7071067811865475 0.35355339059327373
HOW -0.7071067811865475 0.24999999999999992 0.0 -0.49999999999999994 -0.0883883476483184 -0.12499999999999996 -0.0883883476483184 -0.3535533905932737 0.0 0.17677669529663684
pounding -0.17677669529663684 -0.35355339059327373 0.0 0.0 -0.5 -0.7071067811865475 -0.08838834764831842 -0.08838834764831842 0.12499999999999999 -0.24999999999999997
fist 0.08838834764831842 -0.24999999999999997 -0.08838834764831842 0.12499999999999999 0.7071067811865475 0.0 0.17677669529663684 -0.49999999999999994 0.0 0.35355339059327373
WARNED 0.25 -0.08838834764831842 -0.17677669529663687 0.0 -0.5 0.0 -0.7071067811865476 0.12499999999999999 -0.3535533905932738 -0.08838834764831842
WILL 0.0 -0.24999999999999997 0.0 0.35355339059327373 0.12499999999999996 -0.17677669529663684 0.0883883476483184 -0.5 -0.0883883476483184 -0.7071067811865475
NOT -0.12499999999999996 -0.49999999999999994 -0.17677669529663684 -0.7071067811865475 0.0 0.0 -0.3535533905932737 0.24999999999999997 -0.0883883476483184 0.0883883476483184
TOLERATE 0.17677669529663684 -0.35355339059327373 0.0 -0.08838834764831842 0.0 0.7071067811865475 0.08838834764831842 0.24999999999999997 0.5 0.12499999999999999
MENTION 0.0 0.12499999999999999 -0.25 -0.17677669529663687 0.3535533905932738 -0.5 0.08838834764831842 0.7071067811865476 -0.08838834764831842 0.0
ABNORMALITY 0.17677669529663687 0.08838834764831842 0.0 -0.35355339059327373 -0.12499999999999999 0.08838834764831842 -0.5 -0.25 -0.7071067811865475 0.0
UNDER 0.17677669529663684 -0.12499999999999996 -0.0883883476483184 -0.0883883476483184 0.0 0.7071067811865475 0.24999999999999997 0.49999999999999994 0.3535533905932737 0.0
THIS -0.08838834764831843 0.08838834764831843 0.17677669529663687 -0.35355339059327373 0.5 0.0 -0.125 -0.7071067811865475 -0.25 0.0
ROOF -0.12499999999999999 0.24999999999999997 0.35355339059327373 0.0 0.5 -0.08838834764831842 0.7071067811865475 -0.08838834764831842 -0.17677669529663687 0.0
YOUR 0.08838834764831842 0.35355339059327373 -0.12499999999999999 -0.08838834764831842 0.24999999999999997 0.7071067811865475 0.0 0.17677669529663687 0.5 0.0
stared -0.08838834764831842 -0.35355339059327373 0.12499999999999999 0.0 -0.17677669529663687 -0.5 -0.24999999999999997 -0.08838834764831842 -0.7071067811865476 0.0
purplefaced 0.0 -0.08838834764831842 0.49999999999999994 0.12499999999999999 -0.7071067811865475 -0.17677669529663687 0.0 0.24999999999999997 0.35355339059327373 -0.08838834764831842
pale -0.24999999999999997 0.0 0.0883883476483184 0.0 0.7071067811865475 -0.17677669529663684 -0.35355339059327373 0.12499999999999996 0.0883883476483184 0.49999999999999994
aunt -0.17677669529663684 -0.12499999999999996 0.0883883476483184 0.0 0.0 -0.0883883476483184 0.7071067811865475 -0.24999999999999997 0.49999999999999994 0.3535533905932737
heave 0.0 0.35355339059327373 0.5 -0.08838834764831842 0.0 0.17677669529663687 -0.12499999999999999 -0.7071067811865476 0.08838834764831842 0.25
trying 0.0 0.08838834764831842 0.12499999999999999 0.5 -0.35355339059327373 0.0 -0.7071067811865476 -0.08838834764831842 -0.24999999999999997 -0.17677669529663687
right 0.0883883476483184 0.0 -0.7071067811865475 -0.49999999999999994 0.17677669529663684 0.12499999999999996 -0.3535533905932737 0.0 -0.0883883476483184 0.24999999999999997
all 0.0 0.12499999999999999 -0.08838834764831842 0.35355339059327373 0.0 -0.7071067811865475 0.24999999999999997 -0.08838834764831842 0.17677669529663687 0.5
All 0.35355339059327373 0.0 0.0 -0.24999999999999997 0.08838834764831842 -0.08838834764831842 0.7071067811865475 0.17677669529663684 -0.5 -0.12499999999999999
sat 0.7071067811865475 0.0 0.24999999999999992 0.49999999999999994 -0.3535533905932737 0.12499999999999996 0.0 -0.0883883476483184 0.17677669529663684 0.0883883476483184
down -0.7071067811865475 0.24999999999999997 -0.35355339059327373 -0.12499999999999996 0.0 0.17677669529663684 0.0 -0.5 -0.0883883476483184 0.0883883476483184
breathing 0.0 0.08838834764831842 0.24999999999999997 -0.5 -0.12499999999999999 0.7071067811865476 0.35355339059327373 -0.17677669529663687 0.08838834764831842 0.0
winded 0.17677669529663684 -0.7071067811865475 -0.3535533905932737 -0.0883883476483184 -0.24999999999999997 0.0 -0.12499999999999996 0.49999999999999994 -0.0883883476483184 0.0
rhinoceros -0.7071067811865475 0.0 -0.08838834764831842 0.08838834764831842 0.24999999999999997 0.0 0.35355339059327373 -0.5 0.17677669529663684 -0.12499999999999999
closely 0.24999999999999997 0.0 0.0 -0.08838834764831842 0.35355339059327373 0.7071067811865475 -0.08838834764831842 0.17677669529663684 -0.5 -0.12499999999999999
watching 0.49999999999999994 0.7071067811865475 0.0 0.0883883476483184 0.3535533905932737 -0.17677669529663684 0.0 -0.24999999999999997 0.12499999999999996 -0.0883883476483184
corners 0.08838834764831842 0.0 0.0 -0.08838834764831842 -0.24999999999999997 -0.7071067811865475 0.35355339059327373 -0.17677669529663684 -0.12499999999999999 0.5
sharp 0.49999999999999994 -0.24999999999999997 0.0 0.17677669529663684 0.0 -0.7071067811865475 -0.0883883476483184 -0.35355339059327373 -0.12499999999999996 -0.0883883476483184
since 0.12499999999999999 -0.25 -0.5 0.0 0.3535533905932738 -0.7071067811865476 0.0 -0.17677669529663687 -0.08838834764831842 0.08838834764831842
come 0.35355339059327373 -0.5 -0.17677669529663684 0.0 -0.08838834764831842 0.24999999999999997 -0.08838834764831842 0.12499999999999999 -0.7071067811865476 0.0
Ever -0.17677669529663684 0.0 -0.08838834764831842 -0.7071067811865475 -0.08838834764831842 -0.12499999999999999 0.0 0.35355339059327373 0.5 -0.24999999999999997
home 0.7071067811865475 -0.0883883476483184 -0.3535533905932737 0.49999999999999994 0.0 0.24999999999999992 0.0883883476483184 0.1767766952966368 0.0 0.12499999999999996
summer -0.24999999999999997 0.0 -0.5 -0.12499999999999999 0.08838834764831842 0.0 -0.35355339059327373 0.7071067811865476 0.17677669529663687 0.08838834764831842
holidays 0.17677669529663687 -0.08838834764831842 -0.25 0.12499999999999999 0.35355339059327373 -0.5 0.0 -0.08838834764831842 0.0 -0.7071067811865475
treating -0.24999999999999997 -0.49999999999999994 0.0883883476483184 0.7071067811865475 -0.17677669529663684 0.0 -0.35355339059327373 0.12499999999999996 0.0883883476483184 0.0
him 0.12499999999999999 0.08838834764831842 -0.24999999999999997 -0.35355339059327373 0.7071067811865475 0.17677669529663687 0.0 0.49999999999999994 -0.08838834764831842 0.0
bomb 0.17677669529663687 -0.35355339059327373 -0.08838834764831842 -0.5 0.0 0.25 -0.12499999999999999 0.7071067811865476 0.08838834764831842 0.0
might -0.12499999999999999 0.08838834764831842 0.0 0.0 0.35355339059327373 -0.5 -0.17677669529663687 -0.08838834764831842 0.24999999999999997 0.7071067811865476
any -0.7071067811865475 -0.08838834764831842 0.24999999999999997 0.0 -0.35355339059327373 0.17677669529663684 0.5 -0.08838834764831842 0.12499999999999999 0.0
because 0.17677669529663687 0.08838834764831842 -0.25 0.5 -0.12499999999999999 0.0 0.0 -0.7071067811865476 0.08838834764831842 0.35355339059327373
wasnt 0.0 -0.08838834764831842 -0.24999999999999997 0.0 0.12499999999999999 0.08838834764831842 0.17677669529663687 0.35355339059327373 -0.7071067811865475 -0.5
moment -0.24999999999999997 -0.12499999999999999 0.0 0.35355339059327373 -0.08838834764831842 0.17677669529663687 0.7071067811865475 0.08838834764831842 -0.5 0.0
normal -0.0883883476483184 0.7071067811865475 -0.0883883476483184 0.0 -0.3535533905932737 -0.49999999999999994 -0.24999999999999992 -0.1767766952966368 0.0 0.12499999999999996
boy 0.49999999999999994 0.0 0.7071067811865475 -0.0883883476483184 0.17677669529663684 0.0 0.3535533905932737 -0.24999999999999997 0.12499999999999996 -0.0883883476483184
As 0.0 0.17677669529663684 -0.7071067811865475 -0.24999999999999997 -0.35355339059327373 0.49999999999999994 -0.0883883476483184 0.0 -0.12499999999999996 0.0883883476483184
matter 0.0 -0.24999999999999997 0.08838834764831842 0.12499999999999999 -0.35355339059327373 -0.08838834764831842 0.5 -0.7071067811865475 -0.17677669529663687 0.0
as 0.5 0.08838834764831842 -0.35355339059327373 -0.08838834764831842 0.0 -0.24999999999999997 0.7071067811865476 -0.17677669529663684 0.0 -0.12499999999999999
not -0.17677669529663684 0.08838834764831842 0.0 -0.08838834764831842 0.35355339059327373 0.0 0.5 -0.7071067811865475 0.24999999999999997 0.12499999999999999
fact 0.35355339059327373 0.5 0.0 -0.17677669529663687 0.12499999999999999 0.08838834764831842 -0.08838834764831842 0.25 -0.7071067811865476 0.0
it 0.24999999999999997 0.7071067811865475 0.35355339059327373 0.08838834764831842 0.17677669529663684 0.08838834764831842 0.0 0.12499999999999999 -0.5 0.0
possible -0.35355339059327373 -0.08838834764831842 0.12499999999999999 -0.08838834764831842 0.5 0.24999999999999997 -0.7071067811865476 0.0 0.0 0.17677669529663687
be -0.08838834764831842 -0.24999999999999997 -0.08838834764831842 0.7071067811865475 0.17677669529663684 -0.49999999999999994 -0.35355339059327373 0.0 -0.12499999999999999 0.0
wizard 0.7071067811865475 0.08838834764831842 0.0 0.08838834764831842 -0.24999999999999997 -0.17677669529663684 0.0 -0.49999999999999994 -0.12499999999999999 -0.35355339059327373
fresh 0.49999999999999994 -0.17677669529663684 -0.24999999999999997 0.12499999999999996 0.7071067811865475 0.0883883476483184 0.35355339059327373 0.0 -0.0883883476483184 0.0
year 0.0 0.7071067811865475 -0.49999999999999994 0.17677669529663684 0.08838834764831842 -0.08838834764831842 -0.12499999999999999 0.24999999999999997 -0.35355339059327373 0.0
School -0.49999999999999994 0.17677669529663684 0.0 -0.12499999999999996 0.0 0.0883883476483184 0.0883883476483184 -0.24999999999999997 0.7071067811865475 -0.3535533905932737
Witchcraft 0.08838834764831842 -0.49999999999999994 0.7071067811865475 0.24999999999999997 0.17677669529663684 0.0 0.08838834764831842 -0.35355339059327373 0.0 -0.12499999999999999
Hogwarts 0.0 0.35355339059327373 0.17677669529663687 -0.5 -0.08838834764831842 -0.7071067811865476 0.0 0.12499999999999999 0.08838834764831842 -0.25
Wizardry 0.5 -0.17677669529663684 -0.35355339059327373 -0.08838834764831842 0.24999999999999997 0.08838834764831842 0.0 0.0 -0.7071067811865476 0.12499999999999999
And 0.08838834764831842 -0.17677669529663684 0.7071067811865475 0.0 0.0 -0.24999999999999997 -0.08838834764831842 0.49999999999999994 -0.12499999999999999 -0.35355339059327373
unhappy -0.5 -0.08838834764831843 -0.08838834764831843 0.0 -0.35355339059327373 -0.17677669529663687 0.0 -0.125 -0.25 -0.7071067811865476
nothing -0.7071067811865475 0.0 0.0 0.35355339059327373 -0.12499999999999999 -0.08838834764831842 -0.24999999999999997 0.17677669529663687 -0.5 -0.08838834764831842
how 0.7071067811865475 -0.24999999999999997 0.35355339059327373 -0.5 0.0 0.17677669529663684 0.0 -0.0883883476483184 0.12499999999999996 0.0883883476483184
felt 0.35355339059327373 0.08838834764831843 0.08838834764831843 0.17677669529663687 0.0 -0.125 -0.5 0.0 -0.25 -0.7071067811865476
missed -0.0883883476483184 -0.24999999999999997 -0.17677669529663684 -0.12499999999999996 -0.35355339059327373 -0.0883883476483184 0.0 0.0 -0.7071067811865475 0.49999999999999994
much 0.0 -0.24999999999999997 -0.12499999999999999 -0.08838834764831842 -0.08838834764831842 0.0 0.35355339059327373 0.7071067811865475 0.17677669529663687 -0.5
having -0.08838834764831842 0.0 -0.49999999999999994 0.12499999999999999 -0.24999999999999997 0.35355339059327373 -0.08838834764831842 -0.7071067811865475 0.0 -0.17677669529663687
constant 0.12499999999999999 0.17677669529663687 -0.25 0.0 -0.08838834764831842 0.08838834764831842 -0.5 0.35355339059327373 0.0 -0.7071067811865476
castle 0.35355339059327373 0.24999999999999997 0.5 -0.08838834764831842 -0.12499999999999999 0.7071067811865475 0.0 -0.08838834764831842 0.17677669529663687 0.0
stomachache -0.49999999999999994 0.08838834764831842 -0.08838834764831842 -0.7071067811865475 0.12499999999999999 0.24999999999999997 0.0 0.0 -0.17677669529663684 0.35355339059327373
its 0.3535533905932737 0.0 0.0883883476483184 0.0 0.12499999999999996 0.7071067811865475 0.49999999999999994 -0.0883883476483184 -0.24999999999999992 -0.17677669529663684
secret 0.08838834764831842 -0.49999999999999994 -0.7071067811865475 0.12499999999999999 0.08838834764831842 0.24999999999999997 0.0 -0.35355339059327373 0.17677669529663687 0.0
passageways -0.24999999999999997 -0.7071067811865475 -0.12499999999999996 -0.49999999999999994 -0.17677669529663684 0.35355339059327373 0.0883883476483184 0.0 0.0 0.0883883476483184
classes 0.17677669529663684 -0.24999999999999997 0.0883883476483184 0.12499999999999996 0.0 0.35355339059327373 -0.7071067811865475 -0.0883883476483184 0.0 0.49999999999999994
though 0.0 -0.17677669529663684 0.0883883476483184 -0.7071067811865475 0.0 0.12499999999999996 0.49999999999999994 -0.0883883476483184 0.24999999999999997 -0.3535533905932737
perhaps -0.35355339059327373 -0.08838834764831842 -0.12499999999999999 0.17677669529663687 0.24999999999999997 0.0 0.0 0.7071067811865475 0.08838834764831842 0.5
ghosts 0.0 0.17677669529663684 0.7071067811865475 -0.08838834764831842 0.35355339059327373 0.5 -0.24999999999999997 -0.08838834764831842 0.12499999999999999 0.0
Snape 0.24999999999999997 0.12499999999999999 0.08838834764831842 0.17677669529663687 -0.08838834764831842 0.0 0.35355339059327373 0.0 0.7071067811865475 -0.5
Potions 0.35355339059327373 -0.24999999999999997 0.5 0.7071067811865475 0.0 -0.12499999999999996 -0.17677669529663684 0.0883883476483184 0.0883883476483184 0.0
master 0.08838834764831843 0.0 -0.08838834764831843 0.125 0.0 0.17677669529663687 -0.35355339059327373 -0.25 0.7071067811865475 -0.5
arriving 0.0 0.35355339059327373 -0.17677669529663684 0.0 -0.7071067811865475 0.24999999999999997 0.5 0.12499999999999996 -0.0883883476483184 0.0883883476483184
eating 0.08838834764831842 0.5 0.17677669529663684 0.35355339059327373 0.0 0.0 -0.7071067811865476 0.08838834764831842 0.24999999999999997 0.12499999999999999
mail 0.17677669529663687 -0.25 0.08838834764831842 0.5 0.12499999999999999 0.0 -0.7071067811865476 -0.08838834764831842 0.0 0.3535533905932738
banquets -0.08838834764831842 -0.24999999999999997 -0.08838834764831842 0.7071067811865475 -0.35355339059327373 0.0 0.5 0.12499999999999999 0.17677669529663684 0.0
Great 0.12499999999999996 -0.7071067811865475 -0.3535533905932737 0.49999999999999994 0.0 -0.17677669529663684 0.0883883476483184 0.24999999999999997 0.0 -0.0883883476483184
Hall -0.17677669529663687 0.25 0.3535533905932738 0.12499999999999999 -0.5 0.0 0.7071067811865476 0.08838834764831842 0.0 0.08838834764831842
sleeping 0.49999999999999994 -0.7071067811865475 0.24999999999999992 0.0883883476483184 -0.0883883476483184 0.0 0.3535533905932737 0.1767766952966368 0.12499999999999996 0.0
bed 0.0 0.12499999999999999 0.0 0.25 0.17677669529663687 0.08838834764831842 -0.3535533905932738 -0.5 0.7071067811865476 -0.08838834764831842
tower 0.7071067811865475 0.08838834764831842 0.17677669529663684 0.49999999999999994 -0.24999999999999997 0.0 -0.08838834764831842 0.35355339059327373 -0.12499999999999999 0.0
fourposter -0.08838834764831842 -0.17677669529663684 0.7071067811865475 0.0 0.0 -0.08838834764831842 -0.35355339059327373 0.5 0.12499999999999999 -0.24999999999999997
dormitory 0.0 -0.12499999999999999 0.08838834764831842 -0.08838834764831842 0.17677669529663687 0.0 -0.49999999999999994 -0.24999999999999997 0.35355339059327373 -0.7071067811865475
visiting -0.5 0.0 -0.12499999999999999 0.17677669529663687 -0.35355339059327373 0.08838834764831842 0.08838834764831842 0.0 0.7071067811865476 0.25
gamekeeper -0.17677669529663684 0.0883883476483184 0.7071067811865475 0.49999999999999994 -0.12499999999999996 -0.24999999999999997 0.3535533905932737 0.0 0.0883883476483184 0.0
cabin 0.35355339059327373 -0.5 0.08838834764831842 -0.7071067811865476 -0.24999999999999997 -0.12499999999999999 0.17677669529663687 0.0 0.0 0.08838834764831842
next 0.0 0.5 -0.35355339059327373 0.0 -0.12499999999999999 -0.17677669529663687 0.08838834764831842 -0.25 0.08838834764831842 -0.7071067811865476
Hagrid -0.24999999999999997 0.0 -0.49999999999999994 0.0883883476483184 0.7071067811865475 0.17677669529663684 0.0 0.12499999999999996 0.0883883476483184 -0.35355339059327373
Forbidden -0.35355339059327373 0.0 -0.08838834764831842 -0.17677669529663687 0.0 0.5 -0.7071067811865476 0.12499999999999999 -0.25 0.08838834764831842
Forest 0.35355339059327373 0.0 0.5 0.17677669529663687 0.0 -0.08838834764831842 -0.25 -0.12499999999999999 -0.7071067811865476 -0.08838834764831842
grounds 0.17677669529663684 -0.5 -0.35355339059327373 0.0 0.7071067811865476 0.08838834764831842 -0.24999999999999997 -0.08838834764831842 0.12499999999999999 0.0
Quidditch -0.17677669529663687 0.0 0.0 0.12499999999999999 0.35355339059327373 -0.7071067811865475 0.25 -0.5 0.08838834764831842 -0.08838834764831842
most 0.12499999999999996 0.7071067811865475 -0.0883883476483184 0.49999999999999994 -0.3535533905932737 0.17677669529663684 0.0 0.0883883476483184 0.0 0.24999999999999992
popular -0.24999999999999997 -0.17677669529663684 -0.7071067811865475 0.35355339059327373 0.49999999999999994 -0.0883883476483184 0.0 -0.12499999999999996 0.0 -0.0883883476483184
especially -0.08838834764831842 0.17677669529663684 0.0 -0.08838834764831842 -0.5 0.0 0.12499999999999999 0.35355339059327373 -0.24999999999999997 -0.7071067811865476
sport 0.08838834764831842 0.24999999999999997 0.0 -0.35355339059327373 0.17677669529663684 0.7071067811865475 0.5 0.0 0.08838834764831842 -0.12499999999999999
wizarding -0.7071067811865475 0.0883883476483184 0.12499999999999996 0.0 0.0 0.0883883476483184 -0.49999999999999994 -0.3535533905932737 -0.24999999999999992 0.17677669529663684
world -0.08838834764831843 -0.17677669529663687 -0.25 -0.08838834764831843 -0.5 0.0 0.3535533905932738 0.0 0.7071067811865476 0.125
tall 0.17677669529663687 -0.25 -0.3535533905932738 -0.08838834764831843 -0.5 0.0 -0.7071067811865476 -0.08838834764831843 0.0 -0.125
goal 0.0 0.17677669529663684 -0.3535533905932737 -0.12499999999999996 0.0 -0.0883883476483184 -0.0883883476483184 -0.7071067811865475 0.24999999999999997 0.49999999999999994
posts 0.0 0.24999999999999997 -0.08838834764831842 0.0 -0.12499999999999999 0.08838834764831842 -0.17677669529663687 -0.35355339059327373 -0.7071067811865475 0.5
six 0.0 -0.7071067811865475 0.08838834764831842 -0.49999999999999994 -0.12499999999999999 0.0 -0.17677669529663687 0.24999999999999997 0.35355339059327373 -0.08838834764831842
balls 0.08838834764831842 0.35355339059327373 -0.17677669529663684 0.0 -0.08838834764831842 0.0 0.24999999999999997 -0.7071067811865475 -0.5 -0.12499999999999999
fourteen 0.24999999999999997 0.08838834764831842 0.0 -0.12499999999999999 0.08838834764831842 0.17677669529663687 0.7071067811865475 0.0 0.35355339059327373 0.5
players -0.49999999999999994 0.0883883476483184 -0.12499999999999996 0.0 0.17677669529663684 -0.0883883476483184 -0.7071067811865475 0.0 -0.3535533905932737 0.24999999999999992
spellbooks 0.0 0.0883883476483184 -0.24999999999999997 0.0 0.35355339059327373 -0.17677669529663684 0.12499999999999996 0.7071067811865475 -0.0883883476483184 0.5
wand 0.0 0.12499999999999999 0.5 0.17677669529663687 -0.25 0.08838834764831842 0.35355339059327373 0.0 0.7071067811865476 -0.08838834764831842
robes 0.08838834764831842 0.7071067811865475 -0.17677669529663684 0.0 0.24999999999999997 0.08838834764831842 0.12499999999999999 -0.49999999999999994 0.35355339059327373 0.0
cauldron 0.0 0.0 -0.17677669529663687 0.5 -0.12499999999999999 -0.35355339059327373 0.7071067811865476 0.08838834764831842 -0.08838834764831842 0.25
topoftheline 0.08838834764831842 0.17677669529663684 0.7071067811865475 -0.35355339059327373 0.0 -0.5 0.0 -0.08838834764831842 -0.24999999999999997 0.12499999999999999
Two -0.17677669529663684 -0.08838834764831842 -0.49999999999999994 0.08838834764831842 0.7071067811865475 0.0 0.0 0.24999999999999997 0.12499999999999999 -0.35355339059327373
Thousand -0.0883883476483184 0.49999999999999994 0.24999999999999997 0.0 -0.17677669529663684 -0.7071067811865475 0.0 -0.12499999999999996 0.35355339059327373 0.0883883476483184
broomstick 0.12499999999999999 0.0 -0.35355339059327373 0.08838834764831842 0.0 -0.08838834764831842 -0.24999999999999997 -0.5 -0.7071067811865475 -0.17677669529663687
Nimbus -0.12499999999999999 0.08838834764831842 -0.17677669529663687 -0.35355339059327373 0.24999999999999997 -0.08838834764831842 0.0 -0.7071067811865475 0.5 0.0
locked -0.7071067811865475 0.3535533905932737 -0.49999999999999994 0.0 -0.1767766952966368 0.24999999999999992 -0.08838834764831839 0.0 -0.12499999999999994 -0.08838834764831839
cupboard -0.35355339059327373 0.7071067811865475 -0.08838834764831842 0.12499999999999999 0.24999999999999997 0.17677669529663687 0.0 -0.08838834764831842 0.5 0.0
stairs 0.24999999999999997 -0.35355339059327373 0.12499999999999999 -0.7071067811865475 -0.08838834764831842 0.0 -0.5 0.0 -0.08838834764831842 0.17677669529663687
under -0.24999999999999997 -0.08838834764831842 0.35355339059327373 0.08838834764831842 -0.5 -0.7071067811865475 0.0 -0.17677669529663684 -0.12499999999999999 0.0
instant -0.08838834764831842 0.0 -0.35355339059327373 -0.17677669529663687 -0.12499999999999999 0.0 -0.5 0.25 -0.08838834764831842 -0.7071067811865476
did 0.5 0.08838834764831842 0.08838834764831842 -0.12499999999999999 0.35355339059327373 0.24999999999999997 -0.17677669529663684 0.0 0.7071067811865476 0.0
care 0.24999999999999992 0.0883883476483184 -0.0883883476483184 0.0 -0.12499999999999996 0.0 -0.7071067811865475 0.49999999999999994 -0.3535533905932737 -0.1767766952966368
What 0.0883883476483184 -0.7071067811865475 -0.0883883476483184 0.12499999999999996 -0.3535533905932737 0.49999999999999994 0.24999999999999992 0.0 0.0 -0.1767766952966368
lost -0.7071067811865475 0.49999999999999994 0.24999999999999992 -0.12499999999999996 0.0883883476483184 0.0 0.17677669529663684 -0.0883883476483184 0.3535533905932737 0.0
place 0.08838834764831842 0.17677669529663684 0.08838834764831842 0.12499999999999999 -0.24999999999999997 0.7071067811865475 0.0 0.35355339059327373 0.0 0.49999999999999994
House 0.08838834764831842 -0.35355339059327373 -0.24999999999999997 0.7071067811865475 0.12499999999999999 0.08838834764831842 0.0 -0.17677669529663687 0.0 0.5
team 0.17677669529663684 0.7071067811865475 -0.3535533905932737 0.12499999999999996 -0.49999999999999994 -0.0883883476483184 0.0 0.0 0.24999999999999997 -0.0883883476483184
hadnt 0.35355339059327373 0.24999999999999997 -0.12499999999999999 0.08838834764831842 0.5 0.7071067811865475 -0.08838834764831842 0.0 -0.17677669529663687 0.0
practiced 0.0 0.0 0.24999999999999997 0.49999999999999994 0.12499999999999996 0.17677669529663684 0.7071067811865475 -0.0883883476483184 0.0883883476483184 -0.35355339059327373
without -0.49999999999999994 -0.24999999999999997 -0.17677669529663684 0.0 0.0883883476483184 -0.7071067811865475 0.0 -0.12499999999999996 -0.0883883476483184 0.35355339059327373
done -0.17677669529663687 -0.5 0.08838834764831842 0.0 0.12499999999999999 0.35355339059327373 0.7071067811865476 -0.25 0.0 0.08838834764831842
homework -0.08838834764831843 -0.5 -0.35355339059327373 0.08838834764831843 0.0 0.0 0.125 -0.17677669529663687 0.25 -0.7071067811865476
what -0.7071067811865475 -0.49999999999999994 0.0 -0.24999999999999992 -0.12499999999999996 -0.0883883476483184 0.0 0.0883883476483184 -0.3535533905932737 0.17677669529663684
wizards -0.17677669529663684 0.08838834764831842 0.0 -0.49999999999999994 0.7071067811865475 0.0 0.08838834764831842 -0.12499999999999999 -0.24999999999999997 -0.35355339059327373
called 0.0 0.0 -0.35355339059327373 -0.5 0.7071067811865476 0.24999999999999997 0.08838834764831842 0.12499999999999999 -0.17677669529663687 -0.08838834764831842
Muggles -0.12499999999999996 -0.3535533905932737 -0.0883883476483184 -0.7071067811865475 -0.0883883476483184 0.0 -0.49999999999999994 -0.24999999999999992 0.0 -0.17677669529663684
drop -0.08838834764831842 0.0 0.3535533905932737 0.08838834764831842 -0.17677669529663684 0.12499999999999999 -0.24999999999999997 -0.7071067811865475 0.0 -0.49999999999999994
magical -0.5 -0.24999999999999997 0.7071067811865476 0.08838834764831842 -0.12499999999999999 -0.17677669529663687 0.0 -0.35355339059327373 0.0 0.08838834764831842
blood -0.08838834764831842 0.35355339059327373 0.24999999999999997 0.0 0.0 0.12499999999999999 0.5 0.08838834764831842 0.17677669529663687 -0.7071067811865475
their 0.12499999999999999 -0.5 0.0 -0.35355339059327373 -0.08838834764831842 0.08838834764831842 -0.17677669529663687 -0.7071067811865476 0.0 -0.24999999999999997
far 0.0 -0.12499999999999999 0.49999999999999994 0.08838834764831842 -0.24999999999999997 0.08838834764831842 -0.17677669529663687 -0.35355339059327373 -0.7071067811865475 0.0
they 0.08838834764831842 -0.08838834764831842 0.0 0.24999999999999997 -0.7071067811865475 -0.49999999999999994 -0.17677669529663684 0.12499999999999999 -0.35355339059327373 0.0
concerned -0.08838834764831842 0.0 0.5 0.12499999999999999 -0.08838834764831842 -0.35355339059327373 -0.17677669529663687 0.7071067811865476 0.24999999999999997 0.0
deepest 0.12499999999999999 0.08838834764831842 0.0 -0.17677669529663687 -0.49999999999999994 0.08838834764831842 -0.24999999999999997 0.0 -0.35355339059327373 -0.7071067811865475
shame 0.08838834764831842 0.24999999999999997 0.0 0.35355339059327373 0.0 -0.7071067811865475 0.5 -0.17677669529663684 0.08838834764831842 -0.12499999999999999
even 0.12499999999999996 0.0 0.0 0.35355339059327373 0.5 -0.24999999999999997 0.7071067811865476 -0.17677669529663684 0.0883883476483184 0.0883883476483184
padlocked 0.5 0.35355339059327373 0.0 0.12499999999999996 -0.7071067811865476 -0.24999999999999997 -0.17677669529663684 0.0883883476483184 0.0883883476483184 0.0
Hedwig -0.17677669529663684 -0.24999999999999997 -0.35355339059327373 0.0883883476483184 0.7071067811865475 -0.49999999999999994 -0.12499999999999996 0.0 -0.0883883476483184 0.0
inside 0.08838834764831842 0.08838834764831842 0.3535533905932737 -0.17677669529663684 0.7071067811865475 0.0 0.0 0.49999999999999994 -0.24999999999999997 0.12499999999999999
cage 0.0 0.0 -0.7071067811865475 0.17677669529663684 0.49999999999999994 -0.12499999999999996 -0.0883883476483184 -0.3535533905932737 0.24999999999999997 -0.0883883476483184
stop -0.0883883476483184 0.0 -0.1767766952966368 -0.7071067811865475 0.0 -0.0883883476483184 -0.49999999999999994 0.3535533905932737 -0.24999999999999992 -0.12499999999999996
carrying 0.17677669529663687 0.0 0.08838834764831842 0.35355339059327373 0.0 -0.5 -0.25 0.12499999999999999 0.7071067811865475 -0.08838834764831842
anyone -0.12499999999999999 -0.17677669529663687 -0.5 0.0 -0.08838834764831842 0.25 0.35355339059327373 -0.08838834764831842 -0.7071067811865476 0.0
messages -0.12499999999999999 -0.08838834764831842 0.5 0.35355339059327373 0.08838834764831842 -0.24999999999999997 0.0 0.0 -0.7071067811865476 -0.17677669529663687
looked -0.35355339059327373 0.0 0.08838834764831842 0.0 -0.17677669529663684 -0.24999999999999997 -0.08838834764831842 -0.5 -0.7071067811865475 0.12499999999999999
neckless 0.12499999999999999 -0.17677669529663687 0.35355339059327373 -0.25 0.0 0.7071067811865475 -0.08838834764831842 -0.5 0.08838834764831842 0.0
enormous 0.0 0.12499999999999996 0.0 0.7071067811865475 0.0883883476483184 0.49999999999999994 0.3535533905932737 -0.0883883476483184 0.17677669529663684 0.24999999999999992
black 0.12499999999999996 0.0 -0.17677669529663684 0.49999999999999994 -0.7071067811865475 -0.0883883476483184 0.3535533905932737 -0.24999999999999997 -0.0883883476483184 0.0
